0.000000 100.000000
20.000000 156.031228
40.000000 1259.314996
60.000000 819.258439
80.000000 141.324842
100.000000 100.509206
120.000000 175.024151
140.000000 2208.567895
160.000000 580.134224
180.000000 129.857448
200.000000 102.057727
220.000000 199.857626
240.000000 4910.836153
260.000000 436.061292
280.000000 120.906173
300.000000 104.710117
320.000000 232.907262
340.000000 19350.145755
360.000000 342.744585
380.000000 113.963801
400.000000 108.580399
420.000000 277.942764
440.000000 197050484.492792
460.000000 279.002844
480.000000 108.671307
500.000000 113.842779
520.000000 341.228672
540.000000 20138.503868
560.000000 233.674745
580.000000 104.775115
600.000000 120.749044
620.000000 433.793198
640.000000 5009.363581
660.000000 200.428343
680.000000 102.099664
700.000000 129.655755
720.000000 576.530012
740.000000 2237.757084
760.000000 175.457295
780.000000 100.529851
800.000000 141.066605
820.000000 813.034918
840.000000 1271.625248
860.000000 156.364890
880.000000 100.000203
900.000000 155.699264
920.000000 1247.187680
940.000000 825.557057
960.000000 141.584364
980.000000 100.488976
1000.000000 174.593317
1020.000000 2179.954910
1040.000000 583.774717
1060.000000 130.060141
1080.000000 102.016230
1100.000000 199.290151
1120.000000 4815.206604
1140.000000 438.349004
1160.000000 121.064101
1180.000000 104.645604
1200.000000 232.144496
1220.000000 18607.264172
1240.000000 344.272023
1260.000000 114.085480
1280.000000 108.490045
1300.000000 276.889836
1320.000000 21894527.906637
1340.000000 280.070139
1360.000000 108.762771
1380.000000 113.722411
1400.000000 339.724170
1420.000000 20976.127562
1440.000000 234.446981
1460.000000 104.840600
1480.000000 120.592711
1500.000000 431.544502
1520.000000 5110.907163
1540.000000 201.002325
1560.000000 102.142042
1580.000000 129.455056
1600.000000 572.961602
1620.000000 2267.538048
1640.000000 175.892763
1660.000000 100.550910
1680.000000 140.809647
1700.000000 806.885308
1720.000000 1284.122131
1740.000000 156.700260
1760.000000 100.000812
1780.000000 155.368989
1800.000000 1235.239695
1820.000000 831.931984
1840.000000 141.845178
1860.000000 100.469160
1880.000000 174.164779
1900.000000 2151.903065
1920.000000 587.451978
1940.000000 130.263838
1960.000000 101.975173
1980.000000 198.725895
2000.000000 4722.362401
2020.000000 440.656560
2040.000000 121.222831
2060.000000 104.581575
2080.000000 231.386408
2100.000000 17906.427461
2120.000000 345.811102
2140.000000 114.207818
2160.000000 108.400243
2180.000000 275.843998
2200.000000 7882051.379796
2220.000000 281.144714
2240.000000 108.854793
2260.000000 113.602695
2280.000000 338.230966
2300.000000 21867.208893
2320.000000 235.224007
2340.000000 104.906572
2360.000000 120.437169
2380.000000 429.314985
2400.000000 5215.591269
2420.000000 201.579596
2440.000000 102.184861
2460.000000 129.255347
2480.000000 569.428525
2500.000000 2297.926890
2520.000000 176.330572
2540.000000 100.572384
2560.000000 140.553960
2580.000000 800.808445
2600.000000 1296.809433
2620.000000 157.037349
2640.000000 100.001827
2660.000000 155.040392
2680.000000 1223.467527
2700.000000 838.384454
2720.000000 142.107290
2740.000000 100.449757
2760.000000 173.738521
2780.000000 2124.397787
2800.000000 591.166502
2820.000000 130.468544
2840.000000 101.934553
2860.000000 198.164835
2880.000000 4632.196420
2900.000000 442.984189
2920.000000 121.382366
2940.000000 104.518029
2960.000000 230.632962
2980.000000 17244.521650
3000.000000 347.361938
3020.000000 114.330817
3040.000000 108.310993
3060.000000 274.805187
3080.000000 4021471.112263
3100.000000 282.226634
3120.000000 108.947375
3140.000000 113.483628
3160.000000 336.748949
3180.000000 22816.395470
3200.000000 236.005863
3220.000000 104.973032
3240.000000 120.282417
3260.000000 427.104430
3280.000000 5323.546748
3300.000000 202.160180
3320.000000 102.228121
3340.000000 129.056624
3360.000000 565.930318
3380.000000 2328.940262
3400.000000 176.770735
3420.000000 100.594273
3440.000000 140.299538
3460.000000 794.803189
3480.000000 1309.691041
3500.000000 157.376166
3520.000000 100.003248
3540.000000 154.713464
3560.000000 1211.867745
3580.000000 844.915728
3600.000000 142.370709
3620.000000 100.430768
3640.000000 173.314528
3660.000000 2097.424971
3680.000000 594.918792
3700.000000 130.674264
3720.000000 101.894372
3740.000000 197.606950
3760.000000 4544.606639
3780.000000 445.332121
3800.000000 121.542710
3820.000000 104.454965
3840.000000 229.884122
3860.000000 16618.715808
3880.000000 348.924649
3900.000000 114.454479
3920.000000 108.222292
3940.000000 273.773343
3960.000000 2432754.952860
3980.000000 283.315963
4000.000000 109.040517
4020.000000 113.365208
4040.000000 335.278010
4060.000000 23828.851184
4080.000000 236.792587
4100.000000 105.039982
4120.000000 120.128449
4140.000000 424.912625
4160.000000 5434.911334
4180.000000 202.744099
4200.000000 102.271825
4220.000000 128.858882
4240.000000 562.466524
4260.000000 2360.595391
4280.000000 177.213269
4300.000000 100.616578
4320.000000 140.046374
4340.000000 788.868421
4360.000000 1322.770938
4380.000000 157.716721
4400.000000 100.005075
4420.000000 154.388195
4440.000000 1200.437002
4460.000000 851.527092
4480.000000 142.635440
4500.000000 100.412191
4520.000000 172.892787
4540.000000 2070.970965
4560.000000 598.709358
4580.000000 130.881002
4600.000000 101.854628
4620.000000 197.052216
4640.000000 4459.495846
4660.000000 447.700593
4680.000000 121.703867
4700.000000 104.392382
4720.000000 229.139852
4740.000000 16026.431724
4760.000000 350.499356
4780.000000 114.578808
4800.000000 108.134138
4820.000000 272.748405
4840.000000 1628549.459027
4860.000000 284.412768
4880.000000 109.134222
4900.000000 113.247433
4920.000000 333.818040
4940.000000 24910.326588
4960.000000 237.584216
4980.000000 105.107423
5000.000000 119.975264
5020.000000 422.739361
5040.000000 5549.830088
5060.000000 203.331379
5080.000000 102.315972
5100.000000 128.662115
5120.000000 559.036696
5140.000000 2392.910104
5160.000000 177.658189
5180.000000 100.639300
5200.000000 139.794462
5220.000000 783.003045
5240.000000 1336.053214
5260.000000 158.059026
5280.000000 100.007308
5300.000000 154.064576
5320.000000 1189.172032
5340.000000 858.219859
5360.000000 142.901490
5380.000000 100.394028
5400.000000 172.473282
5420.000000 2045.022553
5440.000000 602.538723
5460.000000 131.088764
5480.000000 101.815320
5500.000000 196.500611
5520.000000 4376.771376
5540.000000 450.089842
5560.000000 121.865839
5580.000000 104.330278
5600.000000 228.400117
5620.000000 15465.317307
5640.000000 352.086180
5660.000000 114.703806
5680.000000 108.046531
5700.000000 271.730313
5720.000000 1166012.334849
5740.000000 285.517116
5760.000000 109.228492
5780.000000 113.130301
5800.000000 332.368932
5820.000000 26067.240732
5840.000000 238.380792
5860.000000 105.175357
5880.000000 119.822858
5900.000000 420.584431
5920.000000 5668.455869
5940.000000 203.922044
5960.000000 102.360564
5980.000000 128.466320
6000.000000 555.640394
6020.000000 2425.902848
6040.000000 178.105511
6060.000000 100.662437
6080.000000 139.543795
6100.000000 777.205985
6120.000000 1349.542061
6140.000000 158.403090
6160.000000 100.009947
6180.000000 153.742597
6200.000000 1178.069649
6220.000000 864.995367
6240.000000 143.168868
6260.000000 100.376277
6280.000000 172.056000
6300.000000 2019.566936
6320.000000 606.407414
6340.000000 131.297555
6360.000000 101.776449
6380.000000 195.952113
6400.000000 4296.344848
6420.000000 452.500111
6440.000000 122.028631
6460.000000 104.268653
6480.000000 227.664880
6500.000000 14933.223202
6520.000000 353.685243
6540.000000 114.829474
6560.000000 107.959469
6580.000000 270.719008
6600.000000 875813.117025
6620.000000 286.629075
6640.000000 109.323327
6660.000000 113.013808
6680.000000 330.930580
6700.000000 27306.776637
6720.000000 239.182354
6740.000000 105.243783
6760.000000 119.671228
6780.000000 418.447630
6800.000000 5790.949843
6820.000000 204.516117
6840.000000 102.405600
6860.000000 128.271492
6880.000000 552.277184
6900.000000 2459.592723
6920.000000 178.555251
6940.000000 100.685992
6960.000000 139.294367
6980.000000 771.476188
7000.000000 1363.241782
7020.000000 158.748924
7040.000000 100.012993
7060.000000 153.422248
7080.000000 1167.126742
7100.000000 871.854983
7120.000000 143.437580
7140.000000 100.358937
7160.000000 171.640927
7180.000000 1994.591716
7200.000000 610.315970
7220.000000 131.507379
7240.000000 101.738012
7260.000000 195.406701
7280.000000 4218.131940
7300.000000 454.931644
7320.000000 122.192245
7340.000000 104.207505
7360.000000 226.934108
7380.000000 14428.182178
7400.000000 355.296671
7420.000000 114.955816
7440.000000 107.872949
7460.000000 269.714431
7480.000000 681868.805451
7500.000000 287.748713
7520.000000 109.418731
7540.000000 112.897954
7560.000000 329.502880
7580.000000 28636.993053
7600.000000 239.988941
7620.000000 105.312704
7640.000000 119.520370
7660.000000 416.328758
7680.000000 5917.482032
7700.000000 205.113625
7720.000000 102.451082
7740.000000 128.077626
7760.000000 548.946638
7780.000000 2493.999503
7800.000000 179.007423
7820.000000 100.709963
7840.000000 139.046171
7860.000000 765.812617
7880.000000 1377.156794
7900.000000 159.096539
7920.000000 100.016444
7940.000000 153.103520
7960.000000 1156.340272
7980.000000 878.800104
8000.000000 143.707633
8020.000000 100.342010
8040.000000 171.228048
8060.000000 1970.084886
8080.000000 614.264939
8100.000000 131.718242
8120.000000 101.700010
8140.000000 194.864354
8160.000000 4142.052160
8180.000000 457.384691
8200.000000 122.356686
8220.000000 104.146834
8240.000000 226.207766
8260.000000 13948.390913
8280.000000 356.920589
8300.000000 115.082835
8320.000000 107.786971
8340.000000 268.716524
8360.000000 545879.459650
8380.000000 288.876099
8400.000000 109.514705
8420.000000 112.782735
8440.000000 328.085728
8460.000000 30066.955780
8480.000000 240.800594
8500.000000 105.382121
8520.000000 119.370282
8540.000000 414.227617
8560.000000 6048.231900
8580.000000 205.714590
8600.000000 102.497011
8620.000000 127.884719
8640.000000 545.648339
8660.000000 2529.143670
8680.000000 179.462045
8700.000000 100.734352
8720.000000 138.799200
8740.000000 760.214260
8760.000000 1391.291627
8780.000000 159.445944
8800.000000 100.020302
8820.000000 152.786405
8840.000000 1145.707276
8860.000000 885.832154
8880.000000 143.979034
8900.000000 100.325494
8920.000000 170.817350
8940.000000 1946.034809
8960.000000 618.254877
8980.000000 131.930149
9000.000000 101.662442
9020.000000 194.325048
9040.000000 4068.028641
9060.000000 459.859504
9080.000000 122.521957
9100.000000 104.086639
9120.000000 225.485819
9140.000000 13492.193878
9160.000000 358.557124
9180.000000 115.210531
9200.000000 107.701532
9220.000000 267.725230
9240.000000 446859.754688
9260.000000 290.011303
9280.000000 109.611250
9300.000000 112.668150
9320.000000 326.679022
9340.000000 31606.892539
9360.000000 241.617354
9380.000000 105.452035
9400.000000 119.220960
9420.000000 412.144011
9440.000000 6183.388995
9460.000000 206.319040
9480.000000 102.543387
9500.000000 127.692765
9520.000000 542.381872
9540.000000 2565.046443
9560.000000 179.919132
9580.000000 100.759159
9600.000000 138.553449
9620.000000 754.680121
9640.000000 1405.650934
9660.000000 159.797152
9680.000000 100.024566
9700.000000 152.470891
9720.000000 1135.224857
9740.000000 892.952587
9760.000000 144.251791
9780.000000 100.309390
9800.000000 170.408819
9820.000000 1922.430208
9840.000000 622.286351
9860.000000 132.143104
9880.000000 101.625307
9900.000000 193.788764
9920.000000 3995.987950
9940.000000 462.356339
9960.000000 122.688061
9980.000000 104.026917
10000.000000 224.768234
10020.000000 13058.069038
10040.000000 360.206407
10060.000000 115.338909
10080.000000 107.616632
10100.000000 266.740493
10120.000000 372529.462079
10140.000000 291.154396
10160.000000 109.708368
10180.000000 112.554196
10200.000000 325.282661
10220.000000 33268.376367
10240.000000 242.439263
10260.000000 105.522447
10280.000000 119.072401
10300.000000 410.077748
10320.000000 6323.153635
10340.000000 206.926999
10360.000000 102.590211
10380.000000 127.501760
10400.000000 539.146831
10420.000000 2601.729809
10440.000000 180.378701
10460.000000 100.784385
10480.000000 138.308911
10500.000000 749.209224
10520.000000 1420.239489
10540.000000 160.150172
10560.000000 100.029237
10580.000000 152.156971
10600.000000 1124.890190
10620.000000 900.162888
10640.000000 144.525911
10660.000000 100.293697
10680.000000 170.002441
10700.000000 1899.260152
10720.000000 626.359937
10740.000000 132.357113
10760.000000 101.588605
10780.000000 193.255481
10800.000000 3925.859901
10820.000000 464.875458
10840.000000 122.855003
10860.000000 103.967669
10880.000000 224.054978
10900.000000 12644.615137
10920.000000 361.868569
10940.000000 115.467971
10960.000000 107.532269
10980.000000 265.762255
11000.000000 315314.057303
11020.000000 292.305450
11040.000000 109.806062
11060.000000 112.440871
11080.000000 323.896547
11100.000000 35064.543690
11120.000000 243.266362
11140.000000 105.593358
11160.000000 118.924602
11180.000000 408.028636
11200.000000 6467.737647
11220.000000 207.538494
11240.000000 102.637484
11260.000000 127.311699
11280.000000 535.942817
11300.000000 2639.216557
11320.000000 180.840769
11340.000000 100.810029
11360.000000 138.065580
11380.000000 743.800611
11400.000000 1435.062196
11420.000000 160.505015
11440.000000 100.034314
11460.000000 151.844636
11480.000000 1114.700512
11500.000000 907.464574
11520.000000 144.801402
11540.000000 100.278414
11560.000000 169.598203
11580.000000 1876.514043
11600.000000 630.476223
11620.000000 132.572181
11640.000000 101.552335
11660.000000 192.725177
11680.000000 3857.577387
11700.000000 467.417124
11720.000000 123.022785
11740.000000 103.908894
11760.000000 223.346016
11780.000000 12250.540379
11800.000000 363.543741
11820.000000 115.597719
11840.000000 107.448440
11860.000000 264.790462
11880.000000 270335.737939
11900.000000 293.464538
11920.000000 109.904332
11940.000000 112.328173
11960.000000 322.520580
11980.000000 37010.354778
12000.000000 244.098694
12020.000000 105.664770
12040.000000 118.777560
12060.000000 405.996490
12080.000000 6617.365175
12100.000000 208.153549
12120.000000 102.685207
12140.000000 127.122579
12160.000000 532.769436
12180.000000 2677.530317
12200.000000 181.305351
12220.000000 100.836093
12240.000000 137.823450
12260.000000 738.453342
12280.000000 1450.124090
12300.000000 160.861693
12320.000000 100.039797
12340.000000 151.533876
12360.000000 1104.653127
12380.000000 914.859192
12400.000000 145.078271
12420.000000 100.263542
12440.000000 169.196090
12460.000000 1854.181605
12480.000000 634.635804
12500.000000 132.788313
12520.000000 101.516497
12540.000000 192.197832
12560.000000 3791.076219
12580.000000 469.981604
12600.000000 123.191411
12620.000000 103.850590
12640.000000 222.641316
12660.000000 11874.652323
12680.000000 365.232059
12700.000000 115.728156
12720.000000 107.365146
12740.000000 263.825058
12760.000000 234338.272159
12780.000000 294.631731
12800.000000 110.003181
12820.000000 112.216100
12840.000000 321.154664
12860.000000 39122.906269
12880.000000 244.936301
12900.000000 105.736684
12920.000000 118.631272
12940.000000 403.981122
12960.000000 6772.273546
12980.000000 208.772191
13000.000000 102.733380
13020.000000 126.934396
13040.000000 529.626300
13060.000000 2716.695589
13080.000000 181.772464
13100.000000 100.862576
13120.000000 137.582514
13140.000000 733.166496
13160.000000 1465.430341
13180.000000 161.220216
13200.000000 100.045687
13220.000000 151.224682
13240.000000 1094.745400
13260.000000 922.348323
13280.000000 145.356525
13300.000000 100.249080
13320.000000 168.796091
13340.000000 1832.252870
13360.000000 638.839287
13380.000000 133.005514
13400.000000 101.481090
13420.000000 191.673426
13440.000000 3726.294974
13460.000000 472.569172
13480.000000 123.360886
13500.000000 103.792756
13520.000000 221.940846
13540.000000 11515.848857
13560.000000 366.933658
13580.000000 115.859285
13600.000000 107.282384
13620.000000 262.865990
13640.000000 205080.632276
13660.000000 295.807106
13680.000000 110.102611
13700.000000 112.104650
13720.000000 319.798703
13740.000000 41421.807998
13760.000000 245.779226
13780.000000 105.809101
13800.000000 118.485734
13820.000000 401.982353
13840.000000 6932.714214
13860.000000 209.394446
13880.000000 102.782004
13900.000000 126.747144
13920.000000 526.513029
13940.000000 2756.737790
13960.000000 182.242126
13980.000000 100.889479
14000.000000 137.342766
14020.000000 727.939168
14040.000000 1480.986261
14060.000000 161.580596
14080.000000 100.051984
14100.000000 150.917046
14120.000000 1084.974759
14140.000000 929.933584
14160.000000 145.636172
14180.000000 100.235028
14200.000000 168.398191
14220.000000 1810.718170
14240.000000 643.087292
14260.000000 133.223791
14280.000000 101.446112
14300.000000 191.151938
14320.000000 3663.174854
14340.000000 475.180102
14360.000000 123.531213
14380.000000 103.735391
14400.000000 221.244573
14420.000000 11173.110103
14440.000000 368.648676
14460.000000 115.991108
14480.000000 107.200152
14500.000000 261.913203
14520.000000 180979.573161
14540.000000 296.990736
14560.000000 110.202624
14580.000000 111.993819
14600.000000 318.452601
14620.000000 43929.639718
14640.000000 246.627513
14660.000000 105.882022
14680.000000 118.340945
14700.000000 400.000000
14720.000000 7098.953777
14740.000000 210.020342
14760.000000 102.831081
14780.000000 126.560819
14800.000000 523.429247
14820.000000 2797.683294
14840.000000 182.714354
14860.000000 100.916803
14880.000000 137.104201
14900.000000 722.770469
14920.000000 1496.797306
14940.000000 161.942844
14960.000000 100.058688
14980.000000 150.610958
15000.000000 1075.338687
15020.000000 937.616623
15040.000000 145.917220
15060.000000 100.221386
15080.000000 168.002378
15100.000000 1789.568124
15120.000000 647.380446
15140.000000 133.443147
15160.000000 101.411565
15180.000000 190.633349
15200.000000 3601.659552
15220.000000 477.814675
15240.000000 123.702395
15260.000000 103.678495
15280.000000 220.552466
15300.000000 10845.491169
15320.000000 370.377254
15340.000000 116.123627
15360.000000 107.118450
15380.000000 260.966645
15400.000000 160890.848629
15420.000000 298.182697
15440.000000 110.303220
15460.000000 111.883607
15480.000000 317.116264
15500.000000 46672.507670
15520.000000 247.481205
15540.000000 105.955449
15560.000000 118.196900
15580.000000 398.033887
15600.000000 7271.275090
15620.000000 210.649904
15640.000000 102.880610
15660.000000 126.375418
15680.000000 520.374584
15700.000000 2839.559472
15720.000000 183.189163
15740.000000 100.944548
15760.000000 136.866812
15780.000000 717.659530
15800.000000 1512.869084
15820.000000 162.306971
15840.000000 100.065799
15860.000000 150.306410
15880.000000 1065.834728
15900.000000 945.399126
15920.000000 146.199677
15940.000000 100.208154
15960.000000 167.608639
15980.000000 1768.793628
16000.000000 651.719389
16020.000000 133.663588
16040.000000 101.377447
16060.000000 190.117637
16080.000000 3541.695127
16100.000000 480.473176
16120.000000 123.874436
16140.000000 103.622066
16160.000000 219.864493
16180.000000 10532.115623
16200.000000 372.119532
16220.000000 116.256846
16240.000000 107.037275
16260.000000 260.026263
16280.000000 143970.847943
16300.000000 299.383066
16320.000000 110.404403
16340.000000 111.774011
16360.000000 315.789602
16380.000000 49680.726750
16400.000000 248.340348
16420.000000 106.029383
16440.000000 118.053597
16460.000000 396.083839
16480.000000 7449.978466
16500.000000 211.283161
16520.000000 102.930593
16540.000000 126.190935
16560.000000 517.348678
16580.000000 2882.394739
16600.000000 183.666573
16620.000000 100.972714
16640.000000 136.630593
16660.000000 712.605493
16680.000000 1529.207354
16700.000000 162.672989
16720.000000 100.073317
16740.000000 150.003393
16760.000000 1056.460480
16780.000000 953.282815
16800.000000 146.483550
16820.000000 100.195331
16840.000000 167.216960
16860.000000 1748.385847
16880.000000 656.104773
16900.000000 133.885120
16920.000000 101.343757
16940.000000 189.604785
16960.000000 3483.229886
16980.000000 483.155894
17000.000000 124.047341
17020.000000 103.566103
17040.000000 219.180621
17060.000000 10232.169630
17080.000000 373.875655
17100.000000 116.390768
17120.000000 106.956627
17140.000000 259.092004
17160.000000 129586.560807
17180.000000 300.591922
17200.000000 110.506174
17220.000000 111.665030
17240.000000 314.472521
17260.000000 52989.661744
17280.000000 249.204986
17300.000000 106.103826
17320.000000 117.911033
17340.000000 394.149682
17360.000000 7635.382988
17380.000000 211.920139
17400.000000 102.981031
17420.000000 126.007368
17440.000000 514.351171
17460.000000 2926.218604
17480.000000 184.146600
17500.000000 101.001302
17520.000000 136.395538
17540.000000 707.607521
17560.000000 1545.818038
17580.000000 163.040909
17600.000000 100.081241
17620.000000 149.701899
17640.000000 1047.213595
17660.000000 961.269449
17680.000000 146.768847
17700.000000 100.182917
17720.000000 166.827329
17740.000000 1728.336204
17760.000000 660.537260
17780.000000 134.107749
17800.000000 101.310495
17820.000000 189.094771
17840.000000 3426.214271
17860.000000 485.863120
17880.000000 124.221112
17900.000000 103.510606
17920.000000 218.500822
17940.000000 9944.896662
17960.000000 375.645767
17980.000000 116.525394
18000.000000 106.876503
18020.000000 258.163818
18040.000000 117255.499140
18060.000000 301.809341
18080.000000 110.608535
18100.000000 111.556660
18120.000000 313.164931
18140.000000 56640.771474
18160.000000 250.075164
18180.000000 106.178778
18200.000000 117.769205
18220.000000 392.231247
18240.000000 7827.827930
18260.000000 212.560867
18280.000000 103.031925
18300.000000 125.824711
18320.000000 511.381710
18340.000000 2971.061720
18360.000000 184.629262
18380.000000 101.030313
18400.000000 136.161642
18420.000000 702.664789
18440.000000 1562.707224
18460.000000 163.410742
18480.000000 100.089574
18500.000000 149.401919
18520.000000 1038.091781
18540.000000 969.360825
18560.000000 147.055575
18580.000000 100.170912
18600.000000 166.439733
18620.000000 1708.636370
18640.000000 665.017526
18660.000000 134.331478
18680.000000 101.277661
18700.000000 188.587577
18720.000000 3370.600757
18740.000000 488.595154
18760.000000 124.395755
18780.000000 103.455574
18800.000000 217.825063
18820.000000 9669.592722
18840.000000 377.430015
18860.000000 116.660728
18880.000000 106.796903
18900.000000 257.241653
18920.000000 106604.703116
18940.000000 303.035405
18960.000000 110.711488
18980.000000 111.448900
19000.000000 311.866744
19020.000000 60682.913783
19040.000000 250.950929
19060.000000 106.254241
19080.000000 117.628110
19100.000000 390.328365
19120.000000 8027.674313
19140.000000 213.205371
19160.000000 103.083274
19180.000000 125.642961
19200.000000 508.439947
19220.000000 3016.955936
19240.000000 185.114576
19260.000000 101.059746
19280.000000 135.928898
19300.000000 697.776487
19320.000000 1579.881169
19340.000000 163.782502
19360.000000 100.098313
19380.000000 149.103444
19400.000000 1029.092794
19420.000000 977.558781
19440.000000 147.343744
19460.000000 100.159316
19480.000000 166.054159
19500.000000 1689.278258
19520.000000 669.546258
19540.000000 134.556315
19560.000000 101.245254
19580.000000 188.083183
19600.000000 3316.343748
19620.000000 491.352296
19640.000000 124.571271
19660.000000 103.401005
19680.000000 217.153314
19700.000000 9405.602026
19720.000000 379.228549
19740.000000 116.796772
19760.000000 106.717825
19780.000000 256.325459
19800.000000 97342.204956
19820.000000 304.270192
19840.000000 110.815035
19860.000000 111.341748
19880.000000 310.577871
19900.000000 65173.988581
19920.000000 251.832326
19940.000000 106.330216
19960.000000 117.487745
19980.000000 388.440870
20000.000000 8235.306601
20020.000000 213.853681
20040.000000 103.135081
20060.000000 125.462113
20080.000000 505.525543
20100.000000 3063.934357
20120.000000 185.602561
20140.000000 101.089603
20160.000000 135.697301
20180.000000 692.941823
20200.000000 1597.346307
20220.000000 164.156198
20240.000000 100.107461
20260.000000 148.806466
20280.000000 1020.214441
20300.000000 985.865193
20320.000000 147.633360
20340.000000 100.148129
20360.000000 165.670596
20380.000000 1670.254013
20400.000000 674.124154
20420.000000 134.782265
20440.000000 101.213273
20460.000000 187.581571
20480.000000 3263.399488
20500.000000 494.134854
20520.000000 124.747667
20540.000000 103.346898
20560.000000 216.485546
20580.000000 9152.313097
20600.000000 381.041521
20620.000000 116.933529
20640.000000 106.639268
20660.000000 255.415186
20680.000000 89236.804439
20700.000000 305.513785
20720.000000 110.919178
20740.000000 111.235202
20760.000000 309.298224
20780.000000 70183.022853
20800.000000 252.719403
20820.000000 106.406705
20840.000000 117.348107
20860.000000 386.568598
20880.000000 8451.134547
20900.000000 214.505824
20920.000000 103.187346
20940.000000 125.282164
20960.000000 502.638160
20980.000000 3112.031400
21000.000000 186.093235
21020.000000 101.119883
21040.000000 135.466845
21060.000000 688.160017
21080.000000 1615.109256
21100.000000 164.531844
21120.000000 100.117016
21140.000000 148.510978
21160.000000 1011.454578
21180.000000 994.281982
21200.000000 147.924433
21220.000000 100.137349
21240.000000 165.289031
21260.000000 1651.556006
21280.000000 678.751927
21300.000000 135.009333
21320.000000 101.181718
21340.000000 187.082722
21360.000000 3211.725971
21380.000000 496.943139
21400.000000 124.924945
21420.000000 103.293254
21440.000000 215.821728
21460.000000 8909.155219
21480.000000 382.869082
21500.000000 117.071002
21520.000000 106.561230
21540.000000 254.510785
21560.000000 82103.500208
21580.000000 306.766266
21600.000000 111.023919
21620.000000 111.129259
21640.000000 308.027717
21660.000000 75792.838928
21680.000000 253.612207
21700.000000 106.483709
21720.000000 117.209194
21740.000000 384.711389
21760.000000 8675.595220
21780.000000 215.161830
21800.000000 103.240070
21820.000000 125.103109
21840.000000 499.777467
21860.000000 3161.282859
21880.000000 186.586616
21900.000000 101.150588
21920.000000 135.237524
21940.000000 683.430302
21960.000000 1633.176821
21980.000000 164.909451
22000.000000 100.126978
22020.000000 148.216969
22040.000000 1002.811108
22060.000000 1002.811108
22080.000000 148.216969
22100.000000 100.126978
22120.000000 164.909451
22140.000000 1633.176821
22160.000000 683.430302
22180.000000 135.237524
22200.000000 101.150588
22220.000000 186.586616
22240.000000 3161.282859
22260.000000 499.777467
22280.000000 125.103109
22300.000000 103.240070
22320.000000 215.161830
22340.000000 8675.595220
22360.000000 384.711389
22380.000000 117.209194
22400.000000 106.483709
22420.000000 253.612207
22440.000000 75792.838928
22460.000000 308.027717
22480.000000 111.129259
22500.000000 111.023919
22520.000000 306.766266
22540.000000 82103.500208
22560.000000 254.510785
22580.000000 106.561230
22600.000000 117.071002
22620.000000 382.869082
22640.000000 8909.155219
22660.000000 215.821728
22680.000000 103.293254
22700.000000 124.924945
22720.000000 496.943139
22740.000000 3211.725971
22760.000000 187.082722
22780.000000 101.181718
22800.000000 135.009333
22820.000000 678.751927
22840.000000 1651.556006
22860.000000 165.289031
22880.000000 100.137349
22900.000000 147.924433
22920.000000 994.281982
22940.000000 1011.454578
22960.000000 148.510978
22980.000000 100.117016
23000.000000 164.531844
23020.000000 1615.109256
23040.000000 688.160017
23060.000000 135.466845
23080.000000 101.119883
23100.000000 186.093235
23120.000000 3112.031400
23140.000000 502.638160
23160.000000 125.282164
23180.000000 103.187346
23200.000000 214.505824
23220.000000 8451.134547
23240.000000 386.568598
23260.000000 117.348107
23280.000000 106.406705
23300.000000 252.719403
23320.000000 70183.022853
23340.000000 309.298224
23360.000000 111.235202
23380.000000 110.919178
23400.000000 305.513785
23420.000000 89236.804439
23440.000000 255.415186
23460.000000 106.639268
23480.000000 116.933529
23500.000000 381.041521
23520.000000 9152.313097
23540.000000 216.485546
23560.000000 103.346898
23580.000000 124.747667
23600.000000 494.134854
23620.000000 3263.399488
23640.000000 187.581571
23660.000000 101.213273
23680.000000 134.782265
23700.000000 674.124154
23720.000000 1670.254013
23740.000000 165.670596
23760.000000 100.148129
23780.000000 147.633360
23800.000000 985.865193
23820.000000 1020.214441
23840.000000 148.806466
23860.000000 100.107461
23880.000000 164.156198
23900.000000 1597.346307
23920.000000 692.941823
23940.000000 135.697301
23960.000000 101.089603
23980.000000 185.602561
24000.000000 3063.934357
24020.000000 505.525543
24040.000000 125.462113
24060.000000 103.135081
24080.000000 213.853681
24100.000000 8235.306601
24120.000000 388.440870
24140.000000 117.487745
24160.000000 106.330216
24180.000000 251.832326
24200.000000 65173.988581
24220.000000 310.577871
24240.000000 111.341748
24260.000000 110.815035
24280.000000 304.270192
24300.000000 97342.204956
24320.000000 256.325459
24340.000000 106.717825
24360.000000 116.796772
24380.000000 379.228549
24400.000000 9405.602026
24420.000000 217.153314
24440.000000 103.401005
24460.000000 124.571271
24480.000000 491.352296
24500.000000 3316.343748
24520.000000 188.083183
24540.000000 101.245254
24560.000000 134.556315
24580.000000 669.546258
24600.000000 1689.278258
24620.000000 166.054159
24640.000000 100.159316
24660.000000 147.343744
24680.000000 977.558781
24700.000000 1029.092794
24720.000000 149.103444
24740.000000 100.098313
24760.000000 163.782502
24780.000000 1579.881169
24800.000000 697.776487
24820.000000 135.928898
24840.000000 101.059746
24860.000000 185.114576
24880.000000 3016.955936
24900.000000 508.439947
24920.000000 125.642961
24940.000000 103.083274
24960.000000 213.205371
24980.000000 8027.674313
25000.000000 390.328365
25020.000000 117.628110
25040.000000 106.254241
25060.000000 250.950929
25080.000000 60682.913783
25100.000000 311.866744
25120.000000 111.448900
25140.000000 110.711488
25160.000000 303.035405
25180.000000 106604.703116
25200.000000 257.241653
25220.000000 106.796903
25240.000000 116.660728
25260.000000 377.430015
25280.000000 9669.592722
25300.000000 217.825063
25320.000000 103.455574
25340.000000 124.395755
25360.000000 488.595154
25380.000000 3370.600757
25400.000000 188.587577
25420.000000 101.277661
25440.000000 134.331478
25460.000000 665.017526
25480.000000 1708.636370
25500.000000 166.439733
25520.000000 100.170912
25540.000000 147.055575
25560.000000 969.360825
25580.000000 1038.091781
25600.000000 149.401919
25620.000000 100.089574
25640.000000 163.410742
25660.000000 1562.707224
25680.000000 702.664789
25700.000000 136.161642
25720.000000 101.030313
25740.000000 184.629262
25760.000000 2971.061720
25780.000000 511.381710
25800.000000 125.824711
25820.000000 103.031925
25840.000000 212.560867
25860.000000 7827.827930
25880.000000 392.231247
25900.000000 117.769205
25920.000000 106.178778
25940.000000 250.075164
25960.000000 56640.771474
25980.000000 313.164931
26000.000000 111.556660
26020.000000 110.608535
26040.000000 301.809341
26060.000000 117255.499140
26080.000000 258.163818
26100.000000 106.876503
26120.000000 116.525394
26140.000000 375.645767
26160.000000 9944.896662
26180.000000 218.500822
26200.000000 103.510606
26220.000000 124.221112
26240.000000 485.863120
26260.000000 3426.214271
26280.000000 189.094771
26300.000000 101.310495
26320.000000 134.107749
26340.000000 660.537260
26360.000000 1728.336204
26380.000000 166.827329
26400.000000 100.182917
26420.000000 146.768847
26440.000000 961.269449
26460.000000 1047.213595
26480.000000 149.701899
26500.000000 100.081241
26520.000000 163.040909
26540.000000 1545.818038
26560.000000 707.607521
26580.000000 136.395538
26600.000000 101.001302
26620.000000 184.146600
26640.000000 2926.218604
26660.000000 514.351171
26680.000000 126.007368
26700.000000 102.981031
26720.000000 211.920139
26740.000000 7635.382988
26760.000000 394.149682
26780.000000 117.911033
26800.000000 106.103826
26820.000000 249.204986
26840.000000 52989.661744
26860.000000 314.472521
26880.000000 111.665030
26900.000000 110.506174
26920.000000 300.591922
26940.000000 129586.560807
26960.000000 259.092004
26980.000000 106.956627
27000.000000 116.390768
27020.000000 373.875655
27040.000000 10232.169630
27060.000000 219.180621
27080.000000 103.566103
27100.000000 124.047341
27120.000000 483.155894
27140.000000 3483.229886
27160.000000 189.604785
27180.000000 101.343757
27200.000000 133.885120
27220.000000 656.104773
27240.000000 1748.385847
27260.000000 167.216960
27280.000000 100.195331
27300.000000 146.483550
27320.000000 953.282815
27340.000000 1056.460480
27360.000000 150.003393
27380.000000 100.073317
27400.000000 162.672989
27420.000000 1529.207354
27440.000000 712.605493
27460.000000 136.630593
27480.000000 100.972714
27500.000000 183.666573
27520.000000 2882.394739
27540.000000 517.348678
27560.000000 126.190935
27580.000000 102.930593
27600.000000 211.283161
27620.000000 7449.978466
27640.000000 396.083839
27660.000000 118.053597
27680.000000 106.029383
27700.000000 248.340348
27720.000000 49680.726750
27740.000000 315.789602
27760.000000 111.774011
27780.000000 110.404403
27800.000000 299.383066
27820.000000 143970.847943
27840.000000 260.026263
27860.000000 107.037275
27880.000000 116.256846
27900.000000 372.119532
27920.000000 10532.115623
27940.000000 219.864493
27960.000000 103.622066
27980.000000 123.874436
28000.000000 480.473176
28020.000000 3541.695127
28040.000000 190.117637
28060.000000 101.377447
28080.000000 133.663588
28100.000000 651.719389
28120.000000 1768.793628
28140.000000 167.608639
28160.000000 100.208154
28180.000000 146.199677
28200.000000 945.399126
28220.000000 1065.834728
28240.000000 150.306410
28260.000000 100.065799
28280.000000 162.306971
28300.000000 1512.869084
28320.000000 717.659530
28340.000000 136.866812
28360.000000 100.944548
28380.000000 183.189163
28400.000000 2839.559472
28420.000000 520.374584
28440.000000 126.375418
28460.000000 102.880610
28480.000000 210.649904
28500.000000 7271.275090
28520.000000 398.033887
28540.000000 118.196900
28560.000000 105.955449
28580.000000 247.481205
28600.000000 46672.507670
28620.000000 317.116264
28640.000000 111.883607
28660.000000 110.303220
28680.000000 298.182697
28700.000000 160890.848629
28720.000000 260.966645
28740.000000 107.118450
28760.000000 116.123627
28780.000000 370.377254
28800.000000 10845.491169
28820.000000 220.552466
28840.000000 103.678495
28860.000000 123.702395
28880.000000 477.814675
28900.000000 3601.659552
28920.000000 190.633349
28940.000000 101.411565
28960.000000 133.443147
28980.000000 647.380446
29000.000000 1789.568124
29020.000000 168.002378
29040.000000 100.221386
29060.000000 145.917220
29080.000000 937.616623
29100.000000 1075.338687
29120.000000 150.610958
29140.000000 100.058688
29160.000000 161.942844
29180.000000 1496.797306
29200.000000 722.770469
29220.000000 137.104201
29240.000000 100.916803
29260.000000 182.714354
29280.000000 2797.683294
29300.000000 523.429247
29320.000000 126.560819
29340.000000 102.831081
29360.000000 210.020342
29380.000000 7098.953777
29400.000000 400.000000
29420.000000 118.340945
29440.000000 105.882022
29460.000000 246.627513
29480.000000 43929.639718
29500.000000 318.452601
29520.000000 111.993819
29540.000000 110.202624
29560.000000 296.990736
29580.000000 180979.573161
29600.000000 261.913203
29620.000000 107.200152
29640.000000 115.991108
29660.000000 368.648676
29680.000000 11173.110103
29700.000000 221.244573
29720.000000 103.735391
29740.000000 123.531213
29760.000000 475.180102
29780.000000 3663.174854
29800.000000 191.151938
29820.000000 101.446112
29840.000000 133.223791
29860.000000 643.087292
29880.000000 1810.718170
29900.000000 168.398191
29920.000000 100.235028
29940.000000 145.636172
29960.000000 929.933584
29980.000000 1084.974759
30000.000000 150.917046
30020.000000 100.051984
30040.000000 161.580596
30060.000000 1480.986261
30080.000000 727.939168
30100.000000 137.342766
30120.000000 100.889479
30140.000000 182.242126
30160.000000 2756.737790
30180.000000 526.513029
30200.000000 126.747144
30220.000000 102.782004
30240.000000 209.394446
30260.000000 6932.714214
30280.000000 401.982353
30300.000000 118.485734
30320.000000 105.809101
30340.000000 245.779226
30360.000000 41421.807998
30380.000000 319.798703
30400.000000 112.104650
30420.000000 110.102611
30440.000000 295.807106
30460.000000 205080.632276
30480.000000 262.865990
30500.000000 107.282384
30520.000000 115.859285
30540.000000 366.933658
30560.000000 11515.848857
30580.000000 221.940846
30600.000000 103.792756
30620.000000 123.360886
30640.000000 472.569172
30660.000000 3726.294974
30680.000000 191.673426
30700.000000 101.481090
30720.000000 133.005514
30740.000000 638.839287
30760.000000 1832.252870
30780.000000 168.796091
30800.000000 100.249080
30820.000000 145.356525
30840.000000 922.348323
30860.000000 1094.745400
30880.000000 151.224682
30900.000000 100.045687
30920.000000 161.220216
30940.000000 1465.430341
30960.000000 733.166496
30980.000000 137.582514
31000.000000 100.862576
31020.000000 181.772464
31040.000000 2716.695589
31060.000000 529.626300
31080.000000 126.934396
31100.000000 102.733380
31120.000000 208.772191
31140.000000 6772.273546
31160.000000 403.981122
31180.000000 118.631272
31200.000000 105.736684
31220.000000 244.936301
31240.000000 39122.906269
31260.000000 321.154664
31280.000000 112.216100
31300.000000 110.003181
31320.000000 294.631731
31340.000000 234338.272159
31360.000000 263.825058
31380.000000 107.365146
31400.000000 115.728156
31420.000000 365.232059
31440.000000 11874.652323
31460.000000 222.641316
31480.000000 103.850590
31500.000000 123.191411
31520.000000 469.981604
31540.000000 3791.076219
31560.000000 192.197832
31580.000000 101.516497
31600.000000 132.788313
31620.000000 634.635804
31640.000000 1854.181605
31660.000000 169.196090
31680.000000 100.263542
31700.000000 145.078271
31720.000000 914.859192
31740.000000 1104.653127
31760.000000 151.533876
31780.000000 100.039797
31800.000000 160.861693
31820.000000 1450.124090
31840.000000 738.453342
31860.000000 137.823450
31880.000000 100.836093
31900.000000 181.305351
31920.000000 2677.530317
31940.000000 532.769436
31960.000000 127.122579
31980.000000 102.685207
32000.000000 208.153549
32020.000000 6617.365175
32040.000000 405.996490
32060.000000 118.777560
32080.000000 105.664770
32100.000000 244.098694
32120.000000 37010.354778
32140.000000 322.520580
32160.000000 112.328173
32180.000000 109.904332
32200.000000 293.464538
32220.000000 270335.737939
32240.000000 264.790462
32260.000000 107.448440
32280.000000 115.597719
32300.000000 363.543741
32320.000000 12250.540379
32340.000000 223.346016
32360.000000 103.908894
32380.000000 123.022785
32400.000000 467.417124
32420.000000 3857.577387
32440.000000 192.725177
32460.000000 101.552335
32480.000000 132.572181
32500.000000 630.476223
32520.000000 1876.514043
32540.000000 169.598203
32560.000000 100.278414
32580.000000 144.801402
32600.000000 907.464574
32620.000000 1114.700512
32640.000000 151.844636
32660.000000 100.034314
32680.000000 160.505015
32700.000000 1435.062196
32720.000000 743.800611
32740.000000 138.065580
32760.000000 100.810029
32780.000000 180.840769
32800.000000 2639.216557
32820.000000 535.942817
32840.000000 127.311699
32860.000000 102.637484
32880.000000 207.538494
32900.000000 6467.737647
32920.000000 408.028636
32940.000000 118.924602
32960.000000 105.593358
32980.000000 243.266362
33000.000000 35064.543690
33020.000000 323.896547
33040.000000 112.440871
33060.000000 109.806062
33080.000000 292.305450
33100.000000 315314.057303
33120.000000 265.762255
33140.000000 107.532269
33160.000000 115.467971
33180.000000 361.868569
33200.000000 12644.615137
33220.000000 224.054978
33240.000000 103.967669
33260.000000 122.855003
33280.000000 464.875458
33300.000000 3925.859901
33320.000000 193.255481
33340.000000 101.588605
33360.000000 132.357113
33380.000000 626.359937
33400.000000 1899.260152
33420.000000 170.002441
33440.000000 100.293697
33460.000000 144.525911
33480.000000 900.162888
33500.000000 1124.890190
33520.000000 152.156971
33540.000000 100.029237
33560.000000 160.150172
33580.000000 1420.239489
33600.000000 749.209224
33620.000000 138.308911
33640.000000 100.784385
33660.000000 180.378701
33680.000000 2601.729809
33700.000000 539.146831
33720.000000 127.501760
33740.000000 102.590211
33760.000000 206.926999
33780.000000 6323.153635
33800.000000 410.077748
33820.000000 119.072401
33840.000000 105.522447
33860.000000 242.439263
33880.000000 33268.376367
33900.000000 325.282661
33920.000000 112.554196
33940.000000 109.708368
33960.000000 291.154396
33980.000000 372529.462079
34000.000000 266.740493
34020.000000 107.616632
34040.000000 115.338909
34060.000000 360.206407
34080.000000 13058.069038
34100.000000 224.768234
34120.000000 104.026917
34140.000000 122.688061
34160.000000 462.356339
34180.000000 3995.987950
34200.000000 193.788764
34220.000000 101.625307
34240.000000 132.143104
34260.000000 622.286351
34280.000000 1922.430208
34300.000000 170.408819
34320.000000 100.309390
34340.000000 144.251791
34360.000000 892.952587
34380.000000 1135.224857
34400.000000 152.470891
34420.000000 100.024566
34440.000000 159.797152
34460.000000 1405.650934
34480.000000 754.680121
34500.000000 138.553449
34520.000000 100.759159
34540.000000 179.919132
34560.000000 2565.046443
34580.000000 542.381872
34600.000000 127.692765
34620.000000 102.543387
34640.000000 206.319040
34660.000000 6183.388995
34680.000000 412.144011
34700.000000 119.220960
34720.000000 105.452035
34740.000000 241.617354
34760.000000 31606.892539
34780.000000 326.679022
34800.000000 112.668150
34820.000000 109.611250
34840.000000 290.011303
34860.000000 446859.754688
34880.000000 267.725230
34900.000000 107.701532
34920.000000 115.210531
34940.000000 358.557124
34960.000000 13492.193878
34980.000000 225.485819
35000.000000 104.086639
35020.000000 122.521957
35040.000000 459.859504
35060.000000 4068.028641
35080.000000 194.325048
35100.000000 101.662442
35120.000000 131.930149
35140.000000 618.254877
35160.000000 1946.034809
35180.000000 170.817350
35200.000000 100.325494
35220.000000 143.979034
35240.000000 885.832154
35260.000000 1145.707276
35280.000000 152.786405
35300.000000 100.020302
35320.000000 159.445944
35340.000000 1391.291627
35360.000000 760.214260
35380.000000 138.799200
35400.000000 100.734352
35420.000000 179.462045
35440.000000 2529.143670
35460.000000 545.648339
35480.000000 127.884719
35500.000000 102.497011
35520.000000 205.714590
35540.000000 6048.231900
35560.000000 414.227617
35580.000000 119.370282
35600.000000 105.382121
35620.000000 240.800594
35640.000000 30066.955780
35660.000000 328.085728
35680.000000 112.782735
35700.000000 109.514705
35720.000000 288.876099
35740.000000 545879.459650
35760.000000 268.716524
35780.000000 107.786971
35800.000000 115.082835
35820.000000 356.920589
35840.000000 13948.390913
35860.000000 226.207766
35880.000000 104.146834
35900.000000 122.356686
35920.000000 457.384691
35940.000000 4142.052160
35960.000000 194.864354
35980.000000 101.700010
36000.000000 131.718242
36020.000000 614.264939
36040.000000 1970.084886
36060.000000 171.228048
36080.000000 100.342010
36100.000000 143.707633
36120.000000 878.800104
36140.000000 1156.340272
36160.000000 153.103520
36180.000000 100.016444
36200.000000 159.096539
36220.000000 1377.156794
36240.000000 765.812617
36260.000000 139.046171
36280.000000 100.709963
36300.000000 179.007423
36320.000000 2493.999503
36340.000000 548.946638
36360.000000 128.077626
36380.000000 102.451082
36400.000000 205.113625
36420.000000 5917.482032
36440.000000 416.328758
36460.000000 119.520370
36480.000000 105.312704
36500.000000 239.988941
36520.000000 28636.993053
36540.000000 329.502880
36560.000000 112.897954
36580.000000 109.418731
36600.000000 287.748713
36620.000000 681868.805451
36640.000000 269.714431
36660.000000 107.872949
36680.000000 114.955816
36700.000000 355.296671
36720.000000 14428.182178
36740.000000 226.934108
36760.000000 104.207505
36780.000000 122.192245
36800.000000 454.931644
36820.000000 4218.131940
36840.000000 195.406701
36860.000000 101.738012
36880.000000 131.507379
36900.000000 610.315970
36920.000000 1994.591716
36940.000000 171.640927
36960.000000 100.358937
36980.000000 143.437580
37000.000000 871.854983
37020.000000 1167.126742
37040.000000 153.422248
37060.000000 100.012993
37080.000000 158.748924
37100.000000 1363.241782
37120.000000 771.476188
37140.000000 139.294367
37160.000000 100.685992
37180.000000 178.555251
37200.000000 2459.592723
37220.000000 552.277184
37240.000000 128.271492
37260.000000 102.405600
37280.000000 204.516117
37300.000000 5790.949843
37320.000000 418.447630
37340.000000 119.671228
37360.000000 105.243783
37380.000000 239.182354
37400.000000 27306.776637
37420.000000 330.930580
37440.000000 113.013808
37460.000000 109.323327
37480.000000 286.629075
37500.000000 875813.117025
37520.000000 270.719008
37540.000000 107.959469
37560.000000 114.829474
37580.000000 353.685243
37600.000000 14933.223202
37620.000000 227.664880
37640.000000 104.268653
37660.000000 122.028631
37680.000000 452.500111
37700.000000 4296.344848
37720.000000 195.952113
37740.000000 101.776449
37760.000000 131.297555
37780.000000 606.407414
37800.000000 2019.566936
37820.000000 172.056000
37840.000000 100.376277
37860.000000 143.168868
37880.000000 864.995367
37900.000000 1178.069649
37920.000000 153.742597
37940.000000 100.009947
37960.000000 158.403090
37980.000000 1349.542061
38000.000000 777.205985
38020.000000 139.543795
38040.000000 100.662437
38060.000000 178.105511
38080.000000 2425.902848
38100.000000 555.640394
38120.000000 128.466320
38140.000000 102.360564
38160.000000 203.922044
38180.000000 5668.455869
38200.000000 420.584431
38220.000000 119.822858
38240.000000 105.175357
38260.000000 238.380792
38280.000000 26067.240732
38300.000000 332.368932
38320.000000 113.130301
38340.000000 109.228492
38360.000000 285.517116
38380.000000 1166012.334849
38400.000000 271.730313
38420.000000 108.046531
38440.000000 114.703806
38460.000000 352.086180
38480.000000 15465.317307
38500.000000 228.400117
38520.000000 104.330278
38540.000000 121.865839
38560.000000 450.089842
38580.000000 4376.771376
38600.000000 196.500611
38620.000000 101.815320
38640.000000 131.088764
38660.000000 602.538723
38680.000000 2045.022553
38700.000000 172.473282
38720.000000 100.394028
38740.000000 142.901490
38760.000000 858.219859
38780.000000 1189.172032
38800.000000 154.064576
38820.000000 100.007308
38840.000000 158.059026
38860.000000 1336.053214
38880.000000 783.003045
38900.000000 139.794462
38920.000000 100.639300
38940.000000 177.658189
38960.000000 2392.910104
38980.000000 559.036696
39000.000000 128.662115
39020.000000 102.315972
39040.000000 203.331379
39060.000000 5549.830088
39080.000000 422.739361
39100.000000 119.975264
39120.000000 105.107423
39140.000000 237.584216
39160.000000 24910.326588
39180.000000 333.818040
39200.000000 113.247433
39220.000000 109.134222
39240.000000 284.412768
39260.000000 1628549.459027
39280.000000 272.748405
39300.000000 108.134138
39320.000000 114.578808
39340.000000 350.499356
39360.000000 16026.431724
39380.000000 229.139852
39400.000000 104.392382
39420.000000 121.703867
39440.000000 447.700593
39460.000000 4459.495846
39480.000000 197.052216
39500.000000 101.854628
39520.000000 130.881002
39540.000000 598.709358
39560.000000 2070.970965
39580.000000 172.892787
39600.000000 100.412191
39620.000000 142.635440
39640.000000 851.527092
39660.000000 1200.437002
39680.000000 154.388195
39700.000000 100.005075
39720.000000 157.716721
39740.000000 1322.770938
39760.000000 788.868421
39780.000000 140.046374
39800.000000 100.616578
39820.000000 177.213269
39840.000000 2360.595391
39860.000000 562.466524
39880.000000 128.858882
39900.000000 102.271825
39920.000000 202.744099
39940.000000 5434.911334
39960.000000 424.912625
39980.000000 120.128449
40000.000000 105.039982
40020.000000 236.792587
40040.000000 23828.851184
40060.000000 335.278010
40080.000000 113.365208
40100.000000 109.040517
40120.000000 283.315963
40140.000000 2432754.952860
40160.000000 273.773343
40180.000000 108.222292
40200.000000 114.454479
40220.000000 348.924649
40240.000000 16618.715808
40260.000000 229.884122
40280.000000 104.454965
40300.000000 121.542710
40320.000000 445.332121
40340.000000 4544.606639
40360.000000 197.606950
40380.000000 101.894372
40400.000000 130.674264
40420.000000 594.918792
40440.000000 2097.424971
40460.000000 173.314528
40480.000000 100.430768
40500.000000 142.370709
40520.000000 844.915728
40540.000000 1211.867745
40560.000000 154.713464
40580.000000 100.003248
40600.000000 157.376166
40620.000000 1309.691041
40640.000000 794.803189
40660.000000 140.299538
40680.000000 100.594273
40700.000000 176.770735
40720.000000 2328.940262
40740.000000 565.930318
40760.000000 129.056624
40780.000000 102.228121
40800.000000 202.160180
40820.000000 5323.546748
40840.000000 427.104430
40860.000000 120.282417
40880.000000 104.973032
40900.000000 236.005863
40920.000000 22816.395470
40940.000000 336.748949
40960.000000 113.483628
40980.000000 108.947375
41000.000000 282.226634
41020.000000 4021471.112263
41040.000000 274.805187
41060.000000 108.310993
41080.000000 114.330817
41100.000000 347.361938
41120.000000 17244.521650
41140.000000 230.632962
41160.000000 104.518029
41180.000000 121.382366
41200.000000 442.984189
41220.000000 4632.196420
41240.000000 198.164835
41260.000000 101.934553
41280.000000 130.468544
41300.000000 591.166502
41320.000000 2124.397787
41340.000000 173.738521
41360.000000 100.449757
41380.000000 142.107290
41400.000000 838.384454
41420.000000 1223.467527
41440.000000 155.040392
41460.000000 100.001827
41480.000000 157.037349
41500.000000 1296.809433
41520.000000 800.808445
41540.000000 140.553960
41560.000000 100.572384
41580.000000 176.330572
41600.000000 2297.926890
41620.000000 569.428525
41640.000000 129.255347
41660.000000 102.184861
41680.000000 201.579596
41700.000000 5215.591269
41720.000000 429.314985
41740.000000 120.437169
41760.000000 104.906572
41780.000000 235.224007
41800.000000 21867.208893
41820.000000 338.230966
41840.000000 113.602695
41860.000000 108.854793
41880.000000 281.144714
41900.000000 7882051.379796
41920.000000 275.843998
41940.000000 108.400243
41960.000000 114.207818
41980.000000 345.811102
42000.000000 17906.427461
42020.000000 231.386408
42040.000000 104.581575
42060.000000 121.222831
42080.000000 440.656560
42100.000000 4722.362401
42120.000000 198.725895
42140.000000 101.975173
42160.000000 130.263838
42180.000000 587.451978
42200.000000 2151.903065
42220.000000 174.164779
42240.000000 100.469160
42260.000000 141.845178
42280.000000 831.931984
42300.000000 1235.239695
42320.000000 155.368989
42340.000000 100.000812
42360.000000 156.700260
42380.000000 1284.122131
42400.000000 806.885308
42420.000000 140.809647
42440.000000 100.550910
42460.000000 175.892763
42480.000000 2267.538048
42500.000000 572.961602
42520.000000 129.455056
42540.000000 102.142042
42560.000000 201.002325
42580.000000 5110.907163
42600.000000 431.544502
42620.000000 120.592711
42640.000000 104.840600
42660.000000 234.446981
42680.000000 20976.127562
42700.000000 339.724170
42720.000000 113.722411
42740.000000 108.762771
42760.000000 280.070139
42780.000000 21894527.906637
42800.000000 276.889836
42820.000000 108.490045
42840.000000 114.085480
42860.000000 344.272023
42880.000000 18607.264172
42900.000000 232.144496
42920.000000 104.645604
42940.000000 121.064101
42960.000000 438.349004
42980.000000 4815.206604
43000.000000 199.290151
43020.000000 102.016230
43040.000000 130.060141
43060.000000 583.774717
43080.000000 2179.954910
43100.000000 174.593317
43120.000000 100.488976
43140.000000 141.584364
43160.000000 825.557057
43180.000000 1247.187680
43200.000000 155.699264
43220.000000 100.000203
43240.000000 156.364890
43260.000000 1271.625248
43280.000000 813.034918
43300.000000 141.066605
43320.000000 100.529851
43340.000000 175.457295
43360.000000 2237.757084
43380.000000 576.530012
43400.000000 129.655755
43420.000000 102.099664
43440.000000 200.428343
43460.000000 5009.363581
43480.000000 433.793198
43500.000000 120.749044
43520.000000 104.775115
43540.000000 233.674745
43560.000000 20138.503868
43580.000000 341.228672
43600.000000 113.842779
43620.000000 108.671307
43640.000000 279.002844
43660.000000 197050484.492792
43680.000000 277.942764
43700.000000 108.580399
43720.000000 113.963801
43740.000000 342.744585
43760.000000 19350.145755
43780.000000 232.907262
43800.000000 104.710117
43820.000000 120.906173
43840.000000 436.061292
43860.000000 4910.836153
43880.000000 199.857626
43900.000000 102.057727
43920.000000 129.857448
43940.000000 580.134224
43960.000000 2208.567895
43980.000000 175.024151
44000.000000 100.509206
44020.000000 141.324842
44040.000000 819.258439
44060.000000 1259.314996
44080.000000 156.031228
